rgb/17DRP5sb8fy/0_0_10.png,rgb/17DRP5sb8fy/0_0_10_line.csv,0.5778768658638,0.15572379529476166,-0.8011295199394226,7.450581485102248e-09,0.9816271662712097,0.19080902636051178,0.8161240220069885,-0.1102641224861145,0.567259669303894
rgb/17DRP5sb8fy/0_0_12.png,rgb/17DRP5sb8fy/0_0_12_line.csv,0.7214618921279907,0.13212648034095764,-0.6797318458557129,-7.450580596923828e-09,0.9816271662712097,0.1908089965581894,0.6924542188644409,-0.137661412358284,0.7082065939903259
rgb/17DRP5sb8fy/0_0_13.png,rgb/17DRP5sb8fy/0_0_13_line.csv,0.9500235915184021,0.05956640839576721,-0.30644258856773376,-1.862645149230957e-09,0.9816271662712097,0.1908089965581894,0.3121781647205353,-0.18127305805683136,0.9325689673423767
rgb/17DRP5sb8fy/0_1_0.png,rgb/17DRP5sb8fy/0_1_0_line.csv,0.8866344094276428,-0.08824363350868225,0.4539741575717926,0.0,0.9816271662712097,0.1908089965581894,-0.46247103810310364,-0.1691778153181076,0.8703444004058838
rgb/17DRP5sb8fy/0_1_1.png,rgb/17DRP5sb8fy/0_1_1_line.csv,0.6154281497001648,-0.15039430558681488,0.773711621761322,-7.4505797087454084e-09,0.9816271662712097,0.1908089816570282,-0.7881929278373718,-0.1174292117357254,0.6041209697723389
rgb/17DRP5sb8fy/0_1_3.png,rgb/17DRP5sb8fy/0_1_3_line.csv,0.8528779745101929,-0.09962334483861923,0.5125176906585693,0.0,0.9816271662712097,0.1908089965581894,-0.5221103429794312,-0.16273678839206696,0.8372081518173218
rgb/17DRP5sb8fy/0_4_10.png,rgb/17DRP5sb8fy/0_4_10_line.csv,0.9508766531944275,0.05906875431537628,-0.3038824200630188,1.862645149230957e-09,0.9816271662712097,0.1908089965581894,0.3095700740814209,-0.18143580853939056,0.9334063529968262
rgb/17DRP5sb8fy/0_4_3.png,rgb/17DRP5sb8fy/0_4_3_line.csv,0.7224255800247192,-0.13193461298942566,0.6787447929382324,7.450580596923828e-09,0.9816271662712097,0.1908089816570282,-0.6914486885070801,-0.13784530758857727,0.7091525793075562
rgb/17DRP5sb8fy/0_4_4.png,rgb/17DRP5sb8fy/0_4_4_line.csv,-0.11663961410522461,-0.18950659036636353,0.9749268889427185,-1.4901161193847656e-08,0.9816271662712097,0.1908089965581894,-0.9931742548942566,0.02225586771965027,-0.11449658870697021
rgb/17DRP5sb8fy/0_4_5.png,rgb/17DRP5sb8fy/0_4_5_line.csv,-0.7849971055984497,-0.11820609867572784,0.6081176400184631,3.725290742551124e-09,0.9816271662712097,0.19080902636051178,-0.6194996237754822,0.14978450536727905,-0.7705744504928589
rgb/17DRP5sb8fy/0_9_0.png,rgb/17DRP5sb8fy/0_9_0_line.csv,-0.4407304525375366,-0.17127768695354462,0.8811473250389099,0.0,0.9816271662712097,0.1908089965581894,-0.8976394534111023,0.08409534394741058,-0.43263304233551025
rgb/17DRP5sb8fy/0_9_1.png,rgb/17DRP5sb8fy/0_9_1_line.csv,-0.7986932992935181,-0.11481711268424988,0.590682864189148,3.725290742551124e-09,0.9816271662712097,0.19080901145935059,-0.601738452911377,0.15239785611629486,-0.7840191125869751
rgb/1LXtFkjw3qL/0_11_0.png,rgb/1LXtFkjw3qL/0_11_0_line.csv,0.9280595183372498,-0.07106334716081619,0.3655892312526703,0.0,0.9816271662712097,0.1908089965581894,-0.37243184447288513,-0.1770821064710617,0.9110084772109985
rgb/1LXtFkjw3qL/0_14_0.png,rgb/1LXtFkjw3qL/0_14_0_line.csv,0.7743671536445618,-0.12073183059692383,0.6211113929748535,-3.725290298461914e-09,0.9816271662712097,0.19080901145935059,-0.6327365636825562,-0.14775621891021729,0.7601398229598999
rgb/1LXtFkjw3qL/0_14_10.png,rgb/1LXtFkjw3qL/0_14_10_line.csv,-0.20331048965454102,-0.18682381510734558,0.9611252546310425,0.0,0.9816271662712097,0.1908089965581894,-0.979114294052124,0.03879345953464508,-0.19957506656646729
rgb/1LXtFkjw3qL/0_14_11.png,rgb/1LXtFkjw3qL/0_14_11_line.csv,0.3733145594596863,-0.17701444029808044,0.9106603860855103,0.0,0.9816271662712097,0.19080902636051178,-0.927704930305481,-0.07123177498579025,0.36645573377609253
rgb/1LXtFkjw3qL/0_14_12.png,rgb/1LXtFkjw3qL/0_14_12_line.csv,-0.850661039352417,-0.10031108558177948,0.5160557627677917,-3.725290298461914e-09,0.9816271662712097,0.1908089965581894,-0.5257145762443542,0.162313774228096,-0.8350319862365723
rgb/1LXtFkjw3qL/0_14_13.png,rgb/1LXtFkjw3qL/0_14_13_line.csv,0.7701305150985718,0.12171445786952972,-0.626166582107544,0.0,0.9816271662712097,0.1908089965581894,0.6378864049911499,-0.14694781601428986,0.7559810280799866
rgb/1LXtFkjw3qL/0_14_14.png,rgb/1LXtFkjw3qL/0_14_14_line.csv,0.6308004856109619,0.14805728197097778,-0.761688768863678,7.450580596923828e-09,0.9816271662712097,0.19080901145935059,0.7759450078010559,-0.12036243081092834,0.619210958480835
rgb/1LXtFkjw3qL/0_14_16.png,rgb/1LXtFkjw3qL/0_14_16_line.csv,0.7482633590698242,0.1265830099582672,-0.6512131690979004,7.450580596923828e-09,0.9816271662712097,0.1908089816570282,0.66340172290802,-0.14277538657188416,0.7345156669616699
rgb/1LXtFkjw3qL/0_14_17.png,rgb/1LXtFkjw3qL/0_14_17_line.csv,0.7767098546028137,0.12018267810344696,-0.6182863116264343,0.0,0.9816271662712097,0.1908089965581894,0.6298585534095764,-0.14820323884487152,0.762439489364624
rgb/1LXtFkjw3qL/0_14_18.png,rgb/1LXtFkjw3qL/0_14_18_line.csv,0.8545693159103394,0.09909422695636749,-0.5097956657409668,-3.7252898543727042e-09,0.9816271662712097,0.190808966755867,0.5193372964859009,-0.16305950284004211,0.8388684988021851
rgb/1LXtFkjw3qL/0_14_3.png,rgb/1LXtFkjw3qL/0_14_3_line.csv,0.9835023283958435,-0.03451649099588394,0.17757195234298706,1.862645149230957e-09,0.9816271662712097,0.1908089965581894,-0.18089550733566284,-0.1876610964536667,0.9654326438903809
rgb/1LXtFkjw3qL/0_14_6.png,rgb/1LXtFkjw3qL/0_14_6_line.csv,0.9951415657997131,-0.018786011263728142,0.09664565324783325,0.0,0.9816271662712097,0.1908089965581894,-0.0984545350074768,-0.18988196551799774,0.9768580198287964
rgb/1LXtFkjw3qL/0_14_7.png,rgb/1LXtFkjw3qL/0_14_7_line.csv,0.6446701288223267,-0.1458660066127777,0.750415563583374,7.450580596923828e-09,0.9816271662712097,0.1908089965581894,-0.7644609212875366,-0.1230088621377945,0.6328257322311401
rgb/1LXtFkjw3qL/0_2_1.png,rgb/1LXtFkjw3qL/0_2_1_line.csv,0.7688776850700378,-0.1220024973154068,0.6276484131813049,-3.725290298461914e-09,0.9816271662712097,0.1908089965581894,-0.6393958926200867,-0.14670877158641815,0.7547512054443359
rgb/1LXtFkjw3qL/0_2_11.png,rgb/1LXtFkjw3qL/0_2_11_line.csv,-0.3654954433441162,0.17760753631591797,-0.9137116074562073,0.0,0.9816271662712097,0.19080902636051178,0.9308132529258728,0.06973981112241745,-0.35878026485443115
rgb/1LXtFkjw3qL/0_2_2.png,rgb/1LXtFkjw3qL/0_2_2_line.csv,0.4665827751159668,-0.16876626014709473,0.8682271838188171,0.0,0.9816271662712097,0.1908089965581894,-0.8844775557518005,-0.08902819454669952,0.45801037549972534
rgb/1LXtFkjw3qL/0_2_3.png,rgb/1LXtFkjw3qL/0_2_3_line.csv,-0.40661919116973877,-0.1743226796388626,0.8968124985694885,7.450581485102248e-09,0.9816271662712097,0.19080902636051178,-0.9135978817939758,0.07758661359548569,-0.39914846420288086
rgb/1LXtFkjw3qL/0_2_4.png,rgb/1LXtFkjw3qL/0_2_4_line.csv,0.04353129863739014,-0.19062811136245728,0.9806966185569763,7.450580596923828e-09,0.9816271662712097,0.1908089965581894,-0.9990519881248474,-0.008306145668029785,0.042731523513793945
rgb/1LXtFkjw3qL/0_2_5.png,rgb/1LXtFkjw3qL/0_2_5_line.csv,0.1188887357711792,-0.18945573270320892,0.9746652245521545,0.0,0.9816271662712097,0.19080902636051178,-0.992907702922821,-0.022685067728161812,0.11670440435409546
rgb/1LXtFkjw3qL/0_2_6.png,rgb/1LXtFkjw3qL/0_2_6_line.csv,-0.556689977645874,-0.15850891172885895,0.8154576420783997,0.0,0.9816271662712097,0.19080901145935059,-0.8307203650474548,0.10622147470712662,-0.5464620590209961
rgb/1LXtFkjw3qL/0_3_0.png,rgb/1LXtFkjw3qL/0_3_0_line.csv,0.6089195013046265,-0.1513558030128479,0.7786580920219421,0.0,0.9816271662712097,0.190808966755867,-0.7932320237159729,-0.11618730425834656,0.5977319478988647
rgb/1LXtFkjw3qL/0_3_1.png,rgb/1LXtFkjw3qL/0_3_1_line.csv,0.49710530042648315,-0.16556310653686523,0.8517483472824097,7.450580596923828e-09,0.9816271662712097,0.1908089965581894,-0.8676902055740356,-0.09485216438770294,0.48797208070755005
rgb/1LXtFkjw3qL/0_3_2.png,rgb/1LXtFkjw3qL/0_3_2_line.csv,0.46511197090148926,-0.1689140349626541,0.8689873814582825,-7.450581485102248e-09,0.9816271662712097,0.19080901145935059,-0.8852519392967224,-0.08874756097793579,0.4565665125846863
rgb/1LXtFkjw3qL/0_3_3.png,rgb/1LXtFkjw3qL/0_3_3_line.csv,0.3961799144744873,-0.17519564926624298,0.9013035893440247,0.0,0.9816271662712097,0.19080902636051178,-0.9181730151176453,-0.0755947157740593,0.3889009356498718
rgb/1LXtFkjw3qL/0_3_5.png,rgb/1LXtFkjw3qL/0_3_5_line.csv,0.10103332996368408,0.18983261287212372,-0.976604163646698,0.0,0.9816271662712097,0.190808966755867,0.9948830008506775,-0.01927804760634899,0.09917706251144409
rgb/1LXtFkjw3qL/0_4_0.png,rgb/1LXtFkjw3qL/0_4_0_line.csv,0.9370490312576294,-0.06663009524345398,0.3427821099758148,3.725290298461914e-09,0.9816271662712097,0.1908089965581894,-0.3491978347301483,-0.1787973791360855,0.9198328256607056
rgb/1LXtFkjw3qL/0_4_10.png,rgb/1LXtFkjw3qL/0_4_10_line.csv,-0.8284586668014526,-0.1068626344203949,0.5497605800628662,0.0,0.9816271662712097,0.19080901145935059,-0.5600502490997314,0.15807735919952393,-0.8132375478744507
rgb/1LXtFkjw3qL/0_4_11.png,rgb/1LXtFkjw3qL/0_4_11_line.csv,-0.4630535840988159,0.16911980509757996,-0.8700459003448486,7.450580596923828e-09,0.9816271662712097,0.1908089965581894,0.886330246925354,0.08835478127002716,-0.4545459747314453
rgb/1LXtFkjw3qL/0_4_13.png,rgb/1LXtFkjw3qL/0_4_13_line.csv,0.9511531591415405,0.0589064359664917,-0.3030473589897156,1.862645149230957e-09,0.9816271662712097,0.1908089816570282,0.3087193965911865,-0.18148857355117798,0.9336777925491333
rgb/1LXtFkjw3qL/0_4_14.png,rgb/1LXtFkjw3qL/0_4_14_line.csv,0.5159448385238647,0.1634511500597,-0.8408832550048828,0.0,0.9816271662712097,0.19080902636051178,0.8566218614578247,-0.09844693541526794,0.506465494632721
rgb/1LXtFkjw3qL/0_4_2.png,rgb/1LXtFkjw3qL/0_4_2_line.csv,0.7567428946495056,-0.12473423779010773,0.6417020559310913,-3.725290298461914e-09,0.9816271662712097,0.1908089816570282,-0.6537126302719116,-0.14439335465431213,0.7428393959999084
rgb/1LXtFkjw3qL/0_4_3.png,rgb/1LXtFkjw3qL/0_4_3_line.csv,0.8205814361572266,-0.10905300080776215,0.5610290765762329,-3.725290742551124e-09,0.9816271662712097,0.19080902636051178,-0.5715296268463135,-0.1565743386745453,0.8055050373077393
rgb/1LXtFkjw3qL/0_4_4.png,rgb/1LXtFkjw3qL/0_4_4_line.csv,-0.4641655683517456,-0.1690087616443634,0.8694747090339661,-7.450580596923828e-09,0.9816271662712097,0.1908089965581894,-0.8857484459877014,0.08856697380542755,-0.4556375741958618
rgb/1LXtFkjw3qL/0_4_5.png,rgb/1LXtFkjw3qL/0_4_5_line.csv,0.014401853084564209,-0.19078920781612396,0.9815254211425781,0.0,0.9816271662712097,0.1908089965581894,-0.9998962879180908,-0.0027480274438858032,0.01413726806640625
rgb/1LXtFkjw3qL/0_5_0.png,rgb/1LXtFkjw3qL/0_5_0_line.csv,-0.1496295928955078,0.1886608898639679,-0.9705761671066284,7.450580596923828e-09,0.9816271662712097,0.19080901145935059,0.9887421131134033,0.028550662100315094,-0.14688050746917725
rgb/1LXtFkjw3qL/1_0_0.png,rgb/1LXtFkjw3qL/1_0_0_line.csv,-0.6669270992279053,0.14217616617679596,-0.7314329743385315,0.0,0.9816271662712097,0.1908089965581894,0.7451229691505432,0.12725569307804108,-0.6546738147735596
rgb/1LXtFkjw3qL/1_0_1.png,rgb/1LXtFkjw3qL/1_0_1_line.csv,-0.7107924222946167,0.13421542942523956,-0.690478503704071,0.0,0.9816271662712097,0.19080901145935059,0.7034019827842712,0.13562557101249695,-0.6977331638336182
rgb/1LXtFkjw3qL/1_0_11.png,rgb/1LXtFkjw3qL/1_0_11_line.csv,0.5331073999404907,0.16143347322940826,-0.8305032253265381,0.0,0.9816271662712097,0.190808966755867,0.8460475206375122,-0.10172167420387268,0.5233127474784851
rgb/1LXtFkjw3qL/1_0_2.png,rgb/1LXtFkjw3qL/1_0_2_line.csv,-0.7197364568710327,0.13246864080429077,-0.6814921498298645,7.450580596923828e-09,0.9816271662712097,0.1908089965581894,0.6942474246025085,0.13733218610286713,-0.7065128087997437
rgb/1LXtFkjw3qL/1_0_3.png,rgb/1LXtFkjw3qL/1_0_3_line.csv,-0.7422009706497192,0.12787587940692902,-0.6578643918037415,0.0,0.9816271662712097,0.1908089816570282,0.6701774001121521,0.14161860942840576,-0.7285646200180054
rgb/1LXtFkjw3qL/1_0_5.png,rgb/1LXtFkjw3qL/1_0_5_line.csv,-0.07084846496582031,0.19032952189445496,-0.979160487651825,-7.450580596923828e-09,0.9816271662712097,0.1908089965581894,0.9974871277809143,0.01351851224899292,-0.06954681873321533
rgb/1LXtFkjw3qL/1_0_7.png,rgb/1LXtFkjw3qL/1_0_7_line.csv,0.5375880002975464,0.160891592502594,-0.8277155160903931,0.0,0.9816271662712097,0.1908089965581894,0.843207597732544,-0.10257662832736969,0.527711033821106
rgb/1LXtFkjw3qL/1_1_11.png,rgb/1LXtFkjw3qL/1_1_11_line.csv,-0.796775221824646,0.11530129611492157,-0.5931737422943115,-3.725290298461914e-09,0.9816271662712097,0.19080901145935059,0.6042759418487549,0.15203186869621277,-0.7821362018585205
rgb/1LXtFkjw3qL/1_1_25.png,rgb/1LXtFkjw3qL/1_1_25_line.csv,0.998312771320343,0.011079351417720318,-0.056998323649168015,0.0,0.9816271662712097,0.19080901145935059,0.05806514248251915,-0.1904870867729187,0.9799709916114807
rgb/1LXtFkjw3qL/1_1_1.png,rgb/1LXtFkjw3qL/1_1_1_line.csv,0.993730902671814,-0.02133217081427574,0.10974450409412384,0.0,0.9816271662712097,0.1908089965581894,-0.11179855465888977,-0.18961279094219208,0.9754732251167297
rgb/1LXtFkjw3qL/1_1_26.png,rgb/1LXtFkjw3qL/1_1_26_line.csv,0.9226531386375427,0.07358185201883316,-0.3785458505153656,3.725290742551124e-09,0.9816271662712097,0.19080901145935059,0.3856309950351715,-0.17605052888393402,0.9057013988494873
rgb/1LXtFkjw3qL/1_1_14.png,rgb/1LXtFkjw3qL/1_1_14_line.csv,-0.9601043462753296,0.05335823446512222,-0.27450430393218994,1.862645149230957e-09,0.9816271662712097,0.1908089965581894,0.27964210510253906,0.1831965297460556,-0.9424644708633423
rgb/1LXtFkjw3qL/1_1_15.png,rgb/1LXtFkjw3qL/1_1_15_line.csv,-0.7340050935745239,0.1295868307352066,-0.6666663885116577,0.0,0.9816271662712097,0.19080902636051178,0.6791441440582275,0.14005476236343384,-0.7205194234848022
rgb/1LXtFkjw3qL/1_1_10.png,rgb/1LXtFkjw3qL/1_1_10_line.csv,-0.8581836223602295,0.09795041382312775,-0.5039111971855164,-3.725290298461914e-09,0.9816271662712097,0.1908089965581894,0.5133427977561951,0.16374917328357697,-0.8424164056777954
rgb/1LXtFkjw3qL/1_1_0.png,rgb/1LXtFkjw3qL/1_1_0_line.csv,0.999968945980072,-0.001504446379840374,0.00773970503360033,0.0,0.9816271662712097,0.19080902636051178,-0.00788456667214632,-0.19080309569835663,0.9815966486930847
rgb/1LXtFkjw3qL/1_1_2.png,rgb/1LXtFkjw3qL/1_1_2_line.csv,0.9009807109832764,-0.08278423547744751,0.42588797211647034,0.0,0.9816271662712097,0.1908089965581894,-0.4338591992855072,-0.1719152182340622,0.8844271302223206
rgb/1LXtFkjw3qL/1_1_30.png,rgb/1LXtFkjw3qL/1_1_30_line.csv,0.9990987181663513,0.008099314756691456,-0.04166736453771591,0.0,0.9816271662712097,0.1908089816570282,0.04244723916053772,-0.1906370222568512,0.9807424545288086
rgb/1LXtFkjw3qL/1_1_24.png,rgb/1LXtFkjw3qL/1_1_24_line.csv,0.982987105846405,0.035046789795160294,-0.18030008673667908,0.0,0.9816271662712097,0.19080902636051178,0.18367472290992737,-0.18756280839443207,0.9649268388748169
rgb/1LXtFkjw3qL/1_1_29.png,rgb/1LXtFkjw3qL/1_1_29_line.csv,0.9948937296867371,0.01925802044570446,-0.09907392412424088,0.0,0.9816271662712097,0.19080901145935059,0.10092825442552567,-0.18983468413352966,0.9766147136688232
rgb/1LXtFkjw3qL/1_1_3.png,rgb/1LXtFkjw3qL/1_1_3_line.csv,0.9628066420555115,-0.05155492573976517,0.2652271091938019,-1.862645371275562e-09,0.9816271662712097,0.19080902636051178,-0.2701912820339203,-0.1837121844291687,0.945117175579071
rgb/1LXtFkjw3qL/1_1_13.png,rgb/1LXtFkjw3qL/1_1_13_line.csv,-0.9793081283569336,0.03861501067876816,-0.19865702092647552,1.862645149230957e-09,0.9816271662712097,0.1908089965581894,0.20237521827220917,0.18686078488826752,-0.9613155126571655
rgb/1LXtFkjw3qL/1_1_19.png,rgb/1LXtFkjw3qL/1_1_19_line.csv,-0.9155659675598145,0.07673728466033936,-0.39477911591529846,-3.725290298461914e-09,0.9816271662712097,0.19080901145935059,0.40216806530952454,0.17469820380210876,-0.8987444639205933
rgb/1LXtFkjw3qL/1_1_12.png,rgb/1LXtFkjw3qL/1_1_12_line.csv,-0.7931183576583862,0.11621560901403427,-0.5978775024414062,0.0,0.9816271662712097,0.1908089965581894,0.6090677976608276,0.15133409202098846,-0.7785465717315674
rgb/1LXtFkjw3qL/1_1_18.png,rgb/1LXtFkjw3qL/1_1_18_line.csv,-0.9816693067550659,0.036366723477840424,-0.18709059059619904,-1.862645149230957e-09,0.9816271662712097,0.1908089965581894,0.19059230387210846,0.1873113363981247,-0.9636332988739014
rgb/1LXtFkjw3qL/1_1_23.png,rgb/1LXtFkjw3qL/1_1_23_line.csv,0.9227732419967651,0.07352697104215622,-0.3782635033130646,0.0,0.9816271662712097,0.1908089965581894,0.3853433430194855,-0.17607344686985016,0.905819296836853
rgb/1LXtFkjw3qL/1_1_27.png,rgb/1LXtFkjw3qL/1_1_27_line.csv,0.8865401744842529,0.08827809244394302,-0.4541514217853546,-3.725290742551124e-09,0.9816271662712097,0.19080901145935059,0.46265164017677307,-0.16915984451770782,0.8702519536018372
rgb/1LXtFkjw3qL/1_1_16.png,rgb/1LXtFkjw3qL/1_1_16_line.csv,-0.9971166849136353,0.014479327015578747,-0.07448968291282654,0.0,0.9816271662712097,0.19080901145935059,0.0758838802576065,0.19025883078575134,-0.9787968397140503
rgb/1LXtFkjw3qL/1_1_4.png,rgb/1LXtFkjw3qL/1_1_4_line.csv,0.9051201343536377,-0.08112356066703796,0.41734451055526733,3.725290298461914e-09,0.9816271662712097,0.1908089816570282,-0.4251558184623718,-0.1727050542831421,0.8884905576705933
rgb/1LXtFkjw3qL/1_1_28.png,rgb/1LXtFkjw3qL/1_1_28_line.csv,0.9997865557670593,0.003942391369491816,-0.020281843841075897,0.0,0.9816271662712097,0.19080901145935059,0.020661454647779465,-0.1907682716846466,0.9814176559448242
rgb/1LXtFkjw3qL/1_1_17.png,rgb/1LXtFkjw3qL/1_1_17_line.csv,-0.8723535537719727,0.09328190237283707,-0.47989383339881897,-3.725290742551124e-09,0.9816271662712097,0.19080902636051178,0.4888758361339569,0.16645288467407227,-0.8563259840011597
rgb/1LXtFkjw3qL/1_5_0.png,rgb/1LXtFkjw3qL/1_5_0_line.csv,0.8294689655303955,-0.10657688975334167,0.5482906103134155,0.0,0.9816271662712097,0.190808966755867,-0.5585527420043945,-0.15827012062072754,0.8142292499542236
rgb/1LXtFkjw3qL/1_5_1.png,rgb/1LXtFkjw3qL/1_5_1_line.csv,0.5174071788787842,-0.16328276693820953,0.8400170207023621,0.0,0.9816271662712097,0.19080902636051178,-0.855739414691925,-0.09872597455978394,0.5079009532928467
rgb/1LXtFkjw3qL/1_5_2.png,rgb/1LXtFkjw3qL/1_5_2_line.csv,0.9813923239707947,-0.03663788363337517,0.18848559260368347,0.0,0.9816271662712097,0.19080902636051178,-0.19201341271400452,-0.18725848197937012,0.963361382484436
rgb/1LXtFkjw3qL/1_5_3.png,rgb/1LXtFkjw3qL/1_5_3_line.csv,0.027882277965545654,-0.19073480367660522,0.9812455177307129,7.450580596923828e-09,0.9816271662712097,0.1908089965581894,-0.9996111392974854,-0.0053201764822006226,0.027369976043701172
rgb/1LXtFkjw3qL/1_5_4.png,rgb/1LXtFkjw3qL/1_5_4_line.csv,0.25555849075317383,-0.184472918510437,0.9490308165550232,-7.450580596923828e-09,0.9816271662712097,0.1908089816570282,-0.9667935967445374,-0.04876284301280975,0.25086313486099243
rgb/1LXtFkjw3qL/1_5_5.png,rgb/1LXtFkjw3qL/1_5_5_line.csv,0.024695754051208496,-0.1907508224248886,0.9813279509544373,0.0,0.9816271662712097,0.19080901145935059,-0.9996951222419739,-0.004712187219411135,0.024241983890533447
rgb/1LXtFkjw3qL/1_5_6.png,rgb/1LXtFkjw3qL/1_5_6_line.csv,0.004942119121551514,0.19080668687820435,-0.9816152453422546,-7.450581485102248e-09,0.9816271662712097,0.19080902636051178,0.999987781047821,-0.0009430201025679708,0.004851341247558594
rgb/1LXtFkjw3qL/1_6_17.png,rgb/1LXtFkjw3qL/1_6_17_line.csv,0.5072044134140015,-0.16444413363933563,0.8459916710853577,-7.450581485102248e-09,0.9816271662712097,0.19080902636051178,-0.8618258833885193,-0.09677919745445251,0.49788564443588257
rgb/1LXtFkjw3qL/1_6_41.png,rgb/1LXtFkjw3qL/1_6_41_line.csv,-0.7015985250473022,-0.1359652280807495,0.6994805335998535,-7.450580596923828e-09,0.9816271662712097,0.1908089965581894,-0.712572455406189,0.13387130200862885,-0.6887081861495972
rgb/1LXtFkjw3qL/1_6_16.png,rgb/1LXtFkjw3qL/1_6_16_line.csv,0.5388510227203369,-0.16073769330978394,0.8269237875938416,0.0,0.9816271662712097,0.1908089816570282,-0.8424010872840881,-0.10281762480735779,0.5289508104324341
rgb/1LXtFkjw3qL/1_6_64.png,rgb/1LXtFkjw3qL/1_6_64_line.csv,-0.15104186534881592,0.1886199414730072,-0.9703654646873474,-7.450581485102248e-09,0.9816271662712097,0.19080902636051178,0.9885274767875671,0.02882014587521553,-0.14826679229736328
rgb/1LXtFkjw3qL/1_6_68.png,rgb/1LXtFkjw3qL/1_6_68_line.csv,0.4907236695289612,0.16625480353832245,-0.8553068041801453,-7.450581485102248e-09,0.9816271662712097,0.19080902636051178,0.8713153004646301,-0.09363450855016708,0.48170769214630127
rgb/1LXtFkjw3qL/1_6_50.png,rgb/1LXtFkjw3qL/1_6_50_line.csv,-0.5205028057098389,-0.1629241704940796,0.838172197341919,0.0,0.9816271662712097,0.1908089965581894,-0.8538600206375122,0.09931661188602448,-0.5109397172927856
rgb/1LXtFkjw3qL/1_6_56.png,rgb/1LXtFkjw3qL/1_6_56_line.csv,-0.8345029354095459,0.1051364466547966,-0.5408801436424255,0.0,0.9816271662712097,0.1908089965581894,0.551003634929657,0.15923066437244415,-0.8191707134246826
rgb/1LXtFkjw3qL/1_6_39.png,rgb/1LXtFkjw3qL/1_6_39_line.csv,-0.9169912338256836,-0.07611517608165741,0.39157867431640625,-3.725290298461914e-09,0.9816271662712097,0.1908089965581894,-0.39890772104263306,0.1749701350927353,-0.9001435041427612
rgb/1LXtFkjw3qL/1_6_28.png,rgb/1LXtFkjw3qL/1_6_28_line.csv,-0.3489924669265747,-0.17881198227405548,0.9199079275131226,0.0,0.9816271662712097,0.1908089965581894,-0.937125563621521,0.06659089028835297,-0.3425804376602173
rgb/1LXtFkjw3qL/1_6_27.png,rgb/1LXtFkjw3qL/1_6_27_line.csv,0.306804358959198,-0.18160676956176758,0.9342858791351318,7.450580596923828e-09,0.9816271662712097,0.1908089965581894,-0.9517725706100464,-0.05854102969169617,0.30116748809814453
rgb/1LXtFkjw3qL/1_6_36.png,rgb/1LXtFkjw3qL/1_6_36_line.csv,-0.9790891408920288,-0.03881663829088211,0.19969427585601807,1.862645149230957e-09,0.9816271662712097,0.1908089965581894,-0.2034319043159485,0.18681900203227997,-0.9611004590988159
rgb/1LXtFkjw3qL/1_6_37.png,rgb/1LXtFkjw3qL/1_6_37_line.csv,-0.9542653560638428,-0.05704440176486969,0.29346799850463867,1.862645149230957e-09,0.9816271662712097,0.1908089965581894,-0.29896074533462524,0.1820824295282364,-0.9367327690124512
rgb/1LXtFkjw3qL/1_6_14.png,rgb/1LXtFkjw3qL/1_6_14_line.csv,0.5968538522720337,-0.15309560298919678,0.7876085042953491,7.450580596923828e-09,0.9816271662712097,0.1908089965581894,-0.8023499250411987,-0.11388508975505829,0.5858880281448364
rgb/1LXtFkjw3qL/1_6_43.png,rgb/1LXtFkjw3qL/1_6_43_line.csv,-0.9839749336242676,-0.03402256220579147,0.175030916929245,0.0,0.9816271662712097,0.1908089965581894,-0.17830690741539001,0.18775127828121185,-0.9658966064453125
rgb/1LXtFkjw3qL/1_6_26.png,rgb/1LXtFkjw3qL/1_6_26_line.csv,0.2785886526107788,-0.18325495719909668,0.9427650570869446,-7.450580596923828e-09,0.9816271662712097,0.1908089816570282,-0.9604105353355408,-0.05315721780061722,0.2734702229499817
rgb/1LXtFkjw3qL/1_6_58.png,rgb/1LXtFkjw3qL/1_6_58_line.csv,-0.8305920362472534,0.10625799000263214,-0.5466499924659729,-3.725290298461914e-09,0.9816271662712097,0.1908089965581894,0.5568814873695374,0.15848441421985626,-0.8153316974639893
rgb/1LXtFkjw3qL/1_6_53.png,rgb/1LXtFkjw3qL/1_6_53_line.csv,-0.964706540107727,0.050245217978954315,-0.2584892511367798,0.0,0.9816271662712097,0.1908089816570282,0.26332730054855347,0.18407467007637024,-0.9469821453094482
rgb/1LXtFkjw3qL/1_6_19.png,rgb/1LXtFkjw3qL/1_6_19_line.csv,0.9980896711349487,-0.011788500472903252,0.06064658239483833,0.0,0.9816271662712097,0.190808966755867,-0.061781685799360275,-0.1904444545507431,0.9797519445419312
rgb/1LXtFkjw3qL/1_6_63.png,rgb/1LXtFkjw3qL/1_6_63_line.csv,0.3132125735282898,0.181208074092865,-0.9322347044944763,0.0,0.9816271662712097,0.1908089965581894,0.9496830105781555,-0.059763774275779724,0.30745798349380493
rgb/1LXtFkjw3qL/1_6_38.png,rgb/1LXtFkjw3qL/1_6_38_line.csv,-0.9382345676422119,-0.06601996719837189,0.339643269777298,0.0,0.9816271662712097,0.1908089965581894,-0.3460002839565277,0.17902357876300812,-0.9209965467453003
rgb/1LXtFkjw3qL/1_6_5.png,rgb/1LXtFkjw3qL/1_6_5_line.csv,0.8990155458450317,-0.08355845510959625,0.42987096309661865,0.0,0.9816271662712097,0.19080901145935059,-0.43791675567626953,-0.1715402603149414,0.8824980854988098
rgb/1LXtFkjw3qL/1_6_52.png,rgb/1LXtFkjw3qL/1_6_52_line.csv,-0.8007642030715942,0.1142907440662384,-0.5879749059677124,3.725290298461914e-09,0.9816271662712097,0.1908089965581894,0.5989798307418823,0.1527930051088333,-0.786051869392395
rgb/1LXtFkjw3qL/1_6_11.png,rgb/1LXtFkjw3qL/1_6_11_line.csv,0.7372481226921082,-0.12891477346420288,0.6632090210914612,0.0,0.9816271662712097,0.1908089965581894,-0.6756220459938049,-0.14067356288433075,0.7237027883529663
rgb/1LXtFkjw3qL/1_6_31.png,rgb/1LXtFkjw3qL/1_6_31_line.csv,-0.05380702018737793,-0.19053258001804352,0.9802051186561584,0.0,0.9816271662712097,0.1908089965581894,-0.9985513091087341,0.010266855359077454,-0.0528184175491333
rgb/1LXtFkjw3qL/1_6_44.png,rgb/1LXtFkjw3qL/1_6_44_line.csv,-0.9090169668197632,-0.07952146232128143,0.4091024696826935,0.0,0.9816271662712097,0.19080902636051178,-0.41675952076911926,0.1734485924243927,-0.8923157453536987
rgb/1LXtFkjw3qL/1_6_4.png,rgb/1LXtFkjw3qL/1_6_4_line.csv,0.7591158151626587,-0.12420818209648132,0.6389957070350647,-3.725290298461914e-09,0.9816271662712097,0.1908089965581894,-0.6509556174278259,-0.1448461264371872,0.7451686859130859
rgb/1LXtFkjw3qL/1_6_23.png,rgb/1LXtFkjw3qL/1_6_23_line.csv,-0.289992094039917,-0.18260976672172546,0.9394457936286926,0.0,0.9816271662712097,0.19080901145935059,-0.9570291638374329,0.055333107709884644,-0.2846641540527344
rgb/1LXtFkjw3qL/1_6_71.png,rgb/1LXtFkjw3qL/1_6_71_line.csv,0.9402875304222107,0.06494778394699097,-0.33412736654281616,0.0,0.9816271662712097,0.1908089965581894,0.3403811454772949,-0.17941533029079437,0.923011839389801
rgb/1LXtFkjw3qL/1_6_55.png,rgb/1LXtFkjw3qL/1_6_55_line.csv,-0.7619061470031738,0.12358465045690536,-0.635787844657898,0.0,0.9816271662712097,0.19080902636051178,0.6476876735687256,0.14537853002548218,-0.7479077577590942
rgb/1LXtFkjw3qL/1_6_12.png,rgb/1LXtFkjw3qL/1_6_12_line.csv,0.6549626588821411,-0.14418697357177734,0.7417776584625244,0.0,0.9816271662712097,0.19080901145935059,-0.7556613087654114,-0.12497277557849884,0.642929196357727
rgb/1LXtFkjw3qL/1_6_59.png,rgb/1LXtFkjw3qL/1_6_59_line.csv,-0.6700615882873535,0.14163857698440552,-0.7286673188209534,7.450580596923828e-09,0.9816271662712097,0.1908089965581894,0.7423055768013,0.12785376608371735,-0.6577506065368652
rgb/1LXtFkjw3qL/1_6_46.png,rgb/1LXtFkjw3qL/1_6_46_line.csv,-0.6187762022018433,-0.1498933583498001,0.7711344361305237,7.450581485102248e-09,0.9816271662712097,0.19080901145935059,-0.785567581653595,0.11806804686784744,-0.6074075698852539
rgb/1LXtFkjw3qL/1_6_67.png,rgb/1LXtFkjw3qL/1_6_67_line.csv,0.4066298007965088,0.17432177066802979,-0.8968076705932617,-7.450580596923828e-09,0.9816271662712097,0.1908089816570282,0.9135929346084595,-0.07758861780166626,0.39915889501571655
rgb/1LXtFkjw3qL/1_6_49.png,rgb/1LXtFkjw3qL/1_6_49_line.csv,-0.6005822420120239,-0.15256381034851074,0.784872829914093,-7.450580596923828e-09,0.9816271662712097,0.1908089965581894,-0.7995631098747253,0.11459647119045258,-0.589547872543335
rgb/1LXtFkjw3qL/1_6_42.png,rgb/1LXtFkjw3qL/1_6_42_line.csv,-0.6596919298171997,-0.14339984953403473,0.7377282381057739,0.0,0.9816271662712097,0.1908089965581894,-0.7515361309051514,0.12587516009807587,-0.6475715637207031
rgb/1LXtFkjw3qL/1_6_51.png,rgb/1LXtFkjw3qL/1_6_51_line.csv,-0.9764379262924194,0.04117640107870102,-0.21183422207832336,1.862645149230957e-09,0.9816271662712097,0.1908089965581894,0.21579906344413757,0.18631310760974884,-0.9584980010986328
rgb/1LXtFkjw3qL/1_6_40.png,rgb/1LXtFkjw3qL/1_6_40_line.csv,-0.9516491889953613,-0.05861400067806244,0.30154287815093994,-1.862645149230957e-09,0.9816271662712097,0.1908089965581894,-0.3071867823600769,0.1815832406282425,-0.9341647624969482
rgb/1LXtFkjw3qL/1_6_34.png,rgb/1LXtFkjw3qL/1_6_34_line.csv,0.22984951734542847,-0.18570029735565186,0.9553452730178833,7.450580596923828e-09,0.9816271662712097,0.1908089816570282,-0.9732261896133423,-0.04385734349489212,0.22562652826309204
rgb/1LXtFkjw3qL/1_6_54.png,rgb/1LXtFkjw3qL/1_6_54_line.csv,-0.7517955303192139,0.12581878900527954,-0.6472815871238708,0.0,0.9816271662712097,0.19080901145935059,0.6593965888023376,0.1434493213891983,-0.737982988357544
rgb/1LXtFkjw3qL/1_6_15.png,rgb/1LXtFkjw3qL/1_6_15_line.csv,0.9808003902435303,-0.03721047192811966,0.19143128395080566,1.862645149230957e-09,0.9816271662712097,0.1908089965581894,-0.19501423835754395,-0.18714554607868195,0.9627803564071655
rgb/1LXtFkjw3qL/1_6_62.png,rgb/1LXtFkjw3qL/1_6_62_line.csv,-0.30886566638946533,0.18147951364517212,-0.9336311221122742,0.0,0.9816271662712097,0.1908089816570282,0.9511056542396545,0.05893433839082718,-0.3031909465789795
rgb/1LXtFkjw3qL/1_6_48.png,rgb/1LXtFkjw3qL/1_6_48_line.csv,-0.9960380792617798,-0.016968587413430214,0.08729581534862518,9.31322685637781e-10,0.9816271662712097,0.19080902636051178,-0.08892969787120819,0.1900530308485031,-0.9777380228042603
rgb/1LXtFkjw3qL/1_6_10.png,rgb/1LXtFkjw3qL/1_6_10_line.csv,0.5362188816070557,-0.16105785965919495,0.8285708427429199,7.450580596923828e-09,0.9816271662712097,0.1908089816570282,-0.8440788984298706,-0.10231536626815796,0.5263670682907104
rgb/1LXtFkjw3qL/1_6_73.png,rgb/1LXtFkjw3qL/1_6_73_line.csv,0.9898816347122192,0.02707497589290142,-0.13928867876529694,0.0,0.9816271662712097,0.1908089965581894,0.14189569652080536,-0.18887831270694733,0.9716947078704834
rgb/1LXtFkjw3qL/1_6_22.png,rgb/1LXtFkjw3qL/1_6_22_line.csv,0.38304340839385986,-0.17625606060028076,0.9067589044570923,0.0,0.9816271662712097,0.19080901145935059,-0.9237303733825684,-0.0730881467461586,0.3760058283805847
rgb/1LXtFkjw3qL/1_7_17.png,rgb/1LXtFkjw3qL/1_7_17_line.csv,0.46161794662475586,0.1692626178264618,-0.8707807064056396,0.0,0.9816271662712097,0.1908089965581894,0.8870788812637329,-0.08808086812496185,0.45313674211502075
rgb/1LXtFkjw3qL/1_7_3.png,rgb/1LXtFkjw3qL/1_7_3_line.csv,-0.6931120157241821,-0.13754086196422577,0.707586407661438,0.0,0.9816271662712097,0.19080901145935059,-0.7208300828933716,0.13225199282169342,-0.6803776025772095
rgb/1LXtFkjw3qL/1_7_12.png,rgb/1LXtFkjw3qL/1_7_12_line.csv,-0.9898051023483276,0.02717679738998413,-0.13981248438358307,0.0,0.9816271662712097,0.19080902636051178,0.14242930710315704,0.18886370956897736,-0.9716196060180664
rgb/1LXtFkjw3qL/1_7_5.png,rgb/1LXtFkjw3qL/1_7_5_line.csv,-0.9184315204620361,-0.07548021525144577,0.38831207156181335,0.0,0.9816271662712097,0.1908089816570282,-0.3955799639225006,0.1752449870109558,-0.9015573263168335
rgb/1LXtFkjw3qL/1_7_18.png,rgb/1LXtFkjw3qL/1_7_18_line.csv,0.5504759550094604,0.15929707884788513,-0.8195124864578247,-7.450580596923828e-09,0.9816271662712097,0.1908089816570282,0.8348510265350342,-0.10503575205802917,0.5403621196746826
rgb/1LXtFkjw3qL/1_7_21.png,rgb/1LXtFkjw3qL/1_7_21_line.csv,0.98473060131073,0.03321700170636177,-0.17088666558265686,0.0,0.9816271662712097,0.1908089965581894,0.1740851104259491,-0.18789546191692352,0.9666383266448975
rgb/1LXtFkjw3qL/1_7_13.png,rgb/1LXtFkjw3qL/1_7_13_line.csv,0.0673222541809082,0.19037610292434692,-0.9794001579284668,0.0,0.9816271662712097,0.1908089816570282,0.9977313280105591,-0.012845687568187714,0.0660853385925293
rgb/1LXtFkjw3qL/1_7_14.png,rgb/1LXtFkjw3qL/1_7_14_line.csv,0.2609190344810486,0.1841995120048523,-0.9476243257522583,0.0,0.9816271662712097,0.19080901145935059,0.9653607606887817,-0.04978571832180023,0.25612521171569824
rgb/1LXtFkjw3qL/1_7_20.png,rgb/1LXtFkjw3qL/1_7_20_line.csv,0.9990296363830566,0.00840381346642971,-0.04323387145996094,4.656612873077393e-10,0.9816271662712097,0.1908089965581894,0.04404306411743164,-0.19062383472919464,0.9806746244430542
rgb/1LXtFkjw3qL/1_7_0.png,rgb/1LXtFkjw3qL/1_7_0_line.csv,0.9942792057991028,-0.020380768924951553,0.10484996438026428,0.0,0.9816271662712097,0.190808966755867,-0.10681240260601044,-0.1897173970937729,0.9760114550590515
rgb/1LXtFkjw3qL/1_7_1.png,rgb/1LXtFkjw3qL/1_7_1_line.csv,0.926344633102417,-0.07187337428331375,0.36975646018981934,0.0,0.9816271662712097,0.19080901145935059,-0.37667709589004517,-0.176754891872406,0.9093250632286072
rgb/1LXtFkjw3qL/1_7_10.png,rgb/1LXtFkjw3qL/1_7_10_line.csv,-0.7503035068511963,0.12614259123802185,-0.6489474177360535,0.0,0.9816271662712097,0.19080901145935059,0.661093533039093,0.14316466450691223,-0.736518383026123
rgb/1LXtFkjw3qL/1_7_7.png,rgb/1LXtFkjw3qL/1_7_7_line.csv,-0.8997198343276978,0.0832819938659668,-0.42844870686531067,0.0,0.9816271662712097,0.1908089965581894,0.43646785616874695,0.17167465388774872,-0.8831894397735596
rgb/1LXtFkjw3qL/1_7_8.png,rgb/1LXtFkjw3qL/1_7_8_line.csv,-0.9868898391723633,0.030795639380812645,-0.1584298312664032,0.0,0.9816271662712097,0.1908089816570282,0.1613951027393341,0.18830746412277222,-0.9687578678131104
rgb/1LXtFkjw3qL/1_7_4.png,rgb/1LXtFkjw3qL/1_7_4_line.csv,-0.9745978116989136,-0.04273408651351929,0.21984782814979553,0.0,0.9816271662712097,0.1908089965581894,-0.223962664604187,0.1859620064496994,-0.9566917419433594
rgb/1LXtFkjw3qL/1_7_19.png,rgb/1LXtFkjw3qL/1_7_19_line.csv,0.9179710745811462,0.07568389177322388,-0.38935989141464233,0.0,0.9816271662712097,0.19080901145935059,0.3966473937034607,-0.17515714466571808,0.9011053442955017
rgb/1LXtFkjw3qL/2_0_27.png,rgb/1LXtFkjw3qL/2_0_27_line.csv,0.7369006872177124,0.12898708879947662,-0.6635810136795044,0.0,0.9816271662712097,0.1908089965581894,0.6760010719299316,-0.14060728251934052,0.7233617305755615
rgb/1LXtFkjw3qL/2_0_3.png,rgb/1LXtFkjw3qL/2_0_3_line.csv,0.7514212131500244,-0.12590013444423676,0.6477000713348389,0.0,0.9816271662712097,0.19080901145935059,-0.6598228216171265,-0.14337792992591858,0.7376154661178589
rgb/1LXtFkjw3qL/2_0_23.png,rgb/1LXtFkjw3qL/2_0_23_line.csv,0.06591963768005371,0.19039401412010193,-0.9794921875,-7.450581485102248e-09,0.9816271662712097,0.19080904126167297,0.997825026512146,-0.012578079476952553,0.06470853090286255
rgb/1LXtFkjw3qL/2_0_25.png,rgb/1LXtFkjw3qL/2_0_25_line.csv,0.4466983675956726,0.170713871717453,-0.8782467246055603,7.450580596923828e-09,0.9816271662712097,0.19080901145935059,0.8946846127510071,-0.08523408323526382,0.43849122524261475
rgb/1LXtFkjw3qL/2_0_14.png,rgb/1LXtFkjw3qL/2_0_14_line.csv,-0.06882798671722412,-0.1903565227985382,0.9792994260787964,-7.450581485102248e-09,0.9816271662712097,0.19080902636051178,-0.9976286888122559,0.013132976368069649,-0.06756341457366943
rgb/1LXtFkjw3qL/2_0_2.png,rgb/1LXtFkjw3qL/2_0_2_line.csv,0.6142346858978271,-0.15057183802127838,0.7746249437332153,0.0,0.9816271662712097,0.1908089816570282,-0.7891234159469604,-0.11720150709152222,0.6029495000839233
rgb/1LXtFkjw3qL/2_0_10.png,rgb/1LXtFkjw3qL/2_0_10_line.csv,0.03275805711746216,-0.19070658087730408,0.98110032081604,-7.450580596923828e-09,0.9816271662712097,0.1908089965581894,-0.9994633197784424,-0.006250545382499695,0.03215622901916504
rgb/1LXtFkjw3qL/2_0_11.png,rgb/1LXtFkjw3qL/2_0_11_line.csv,-0.37865984439849854,-0.1766005903482437,0.9085313677787781,-7.450581485102248e-09,0.9816271662712097,0.19080902636051178,-0.9255360960960388,0.07225169986486435,-0.37170279026031494
rgb/1LXtFkjw3qL/2_0_4.png,rgb/1LXtFkjw3qL/2_0_4_line.csv,0.7160049676895142,-0.13320283591747284,0.6852691769599915,0.0,0.9816271662712097,0.1908089965581894,-0.6980951428413391,-0.13662020862102509,0.7028499841690063
rgb/1LXtFkjw3qL/2_0_1.png,rgb/1LXtFkjw3qL/2_0_1_line.csv,0.6035107970237732,-0.1521424800157547,0.7827051877975464,7.450581485102248e-09,0.9816271662712097,0.19080901145935059,-0.7973548173904419,-0.11515529453754425,0.592422604560852
rgb/1LXtFkjw3qL/2_0_26.png,rgb/1LXtFkjw3qL/2_0_26_line.csv,0.8753844499588013,0.0922423005104065,-0.4745454788208008,0.0,0.9816271662712097,0.1908089816570282,0.48342740535736084,-0.16703122854232788,0.8593011498451233
rgb/1LXtFkjw3qL/2_0_0.png,rgb/1LXtFkjw3qL/2_0_0_line.csv,0.9431368112564087,-0.06342583894729614,0.32629767060279846,0.0,0.9816271662712097,0.19080901145935059,-0.33240488171577454,-0.1799589991569519,0.9258087277412415
rgb/1LXtFkjw3qL/2_0_28.png,rgb/1LXtFkjw3qL/2_0_28_line.csv,0.605315089225769,0.15188129246234894,-0.7813615202903748,-7.450581485102248e-09,0.9816271662712097,0.19080902636051178,0.795985996723175,-0.1154995858669281,0.5941938161849976
rgb/1LXtFkjw3qL/2_0_16.png,rgb/1LXtFkjw3qL/2_0_16_line.csv,-0.6167540550231934,-0.15019643306732178,0.7726936340332031,-7.450580596923828e-09,0.9816271662712097,0.1908089816570282,-0.7871558666229248,0.11768221855163574,-0.6054224967956543
rgb/1LXtFkjw3qL/2_0_7.png,rgb/1LXtFkjw3qL/2_0_7_line.csv,0.4996642470359802,-0.16528239846229553,0.8503043055534363,0.0,0.9816271662712097,0.1908089816570282,-0.8662192225456238,-0.09534043073654175,0.49048399925231934
rgb/1LXtFkjw3qL/2_0_6.png,rgb/1LXtFkjw3qL/2_0_6_line.csv,0.6122483015060425,-0.1508660912513733,0.7761388421058655,-7.450580596923828e-09,0.9816271662712097,0.1908089816570282,-0.7906655669212341,-0.11682248115539551,0.6009995937347412
rgb/1pXnuDYAj8r/0_10_4.png,rgb/1pXnuDYAj8r/0_10_4_line.csv,0.7899805903434753,-0.1169910728931427,0.6018669009208679,-3.725290742551124e-09,0.9816271662712097,0.19080902636051178,-0.6131318211555481,-0.15073543787002563,0.7754664421081543
rgb/1pXnuDYAj8r/0_10_5.png,rgb/1pXnuDYAj8r/0_10_5_line.csv,0.6120724678039551,-0.15089207887649536,0.7762724161148071,0.0,0.9816271662712097,0.19080901145935059,-0.7908016443252563,-0.11678895354270935,0.6008269786834717
rgb/1pXnuDYAj8r/0_10_18.png,rgb/1pXnuDYAj8r/0_10_18_line.csv,-0.0023218393325805664,0.1908084750175476,-0.9816245436668396,0.0,0.9816271662712097,0.1908089816570282,0.9999973177909851,0.00044302642345428467,-0.0022791624069213867
rgb/1pXnuDYAj8r/0_10_22.png,rgb/1pXnuDYAj8r/0_10_22_line.csv,0.19689226150512695,0.18707393109798431,-0.9624119400978088,0.0,0.9816271662712097,0.1908089816570282,0.9804250597953796,-0.037568800151348114,0.19327479600906372
rgb/1pXnuDYAj8r/0_10_14.png,rgb/1pXnuDYAj8r/0_10_14_line.csv,-0.9324396848678589,0.06894418597221375,-0.35468706488609314,0.0,0.9816271662712097,0.1908089965581894,0.3613256514072418,0.17791788280010223,-0.9153081178665161
rgb/1pXnuDYAj8r/0_10_12.png,rgb/1pXnuDYAj8r/0_10_12_line.csv,-0.6570067405700684,0.1438479721546173,-0.740033745765686,0.0,0.9816271662712097,0.1908089965581894,0.7538846731185913,0.1253627985715866,-0.6449356079101562
rgb/1pXnuDYAj8r/0_10_3.png,rgb/1pXnuDYAj8r/0_10_3_line.csv,0.9611418843269348,-0.05267375707626343,0.2709829807281494,1.862645149230957e-09,0.9816271662712097,0.1908089965581894,-0.27605485916137695,-0.18339450657367706,0.9434829950332642
rgb/1pXnuDYAj8r/0_10_13.png,rgb/1pXnuDYAj8r/0_10_13_line.csv,-0.6263738870620728,0.14873996376991272,-0.7652007341384888,0.0,0.9816271662712097,0.1908089965581894,0.7795227766036987,0.11951775848865509,-0.6148656606674194
rgb/1pXnuDYAj8r/0_10_26.png,rgb/1pXnuDYAj8r/0_10_26_line.csv,0.7234179973602295,0.13173648715019226,-0.6777254939079285,0.0,0.9816271662712097,0.190808966755867,0.690410315990448,-0.1380346417427063,0.7101267576217651
rgb/1pXnuDYAj8r/0_10_19.png,rgb/1pXnuDYAj8r/0_10_19_line.csv,-0.16615688800811768,0.18815664947032928,-0.9679820537567139,0.0,0.9816271662712097,0.19080902636051178,0.9860994815826416,0.03170422092080116,-0.16310417652130127
rgb/1pXnuDYAj8r/0_10_10.png,rgb/1pXnuDYAj8r/0_10_10_line.csv,0.4821661710739136,-0.1671639084815979,0.8599837422370911,0.0,0.9816271662712097,0.19080901145935059,-0.8760797381401062,-0.09200165420770645,0.47330743074417114
rgb/1pXnuDYAj8r/0_10_30.png,rgb/1pXnuDYAj8r/0_10_30_line.csv,0.9500689506530762,0.05954006314277649,-0.3063070774078369,0.0,0.9816271662712097,0.1908089816570282,0.31204015016555786,-0.1812816858291626,0.9326134920120239
rgb/1pXnuDYAj8r/0_10_17.png,rgb/1pXnuDYAj8r/0_10_17_line.csv,-0.42223799228668213,0.17296551167964935,-0.8898303508758545,-7.450581485102248e-09,0.9816271662712097,0.19080901145935059,0.9064850807189941,0.08056682348251343,-0.4144803285598755
rgb/1pXnuDYAj8r/0_10_1.png,rgb/1pXnuDYAj8r/0_10_1_line.csv,0.8145121335983276,-0.1106971874833107,0.5694876313209534,0.0,0.9816271662712097,0.19080901145935059,-0.5801466107368469,-0.15541623532772064,0.7995471954345703
